Standardized,CK
15th Anniversary Cards,15th Anniversary Foil
2016 Heroes of the Realm,2016 Heroes of the Realm
2017 Gift Pack,2017 Gift Pack
2017 Heroes of the Realm,2017 Heroes of the Realm
Aether Revolt,Aether Revolt
Aether Revolt Promos,Prerelease Foil - AER
Alara Reborn,Alara Reborn
Alliances,Alliances
Amonkhet,Amonkhet
Amonkhet Invocations,Masterpiece Series: Invocations
Amonkhet Promos,Prerelease Foil - AKH
Anthologies,Anthologies
Antiquities,Antiquities
Apocalypse,Apocalypse
Arabian Nights,Arabian Nights
Archenemy,Archenemy
Archenemy: Nicol Bolas,Archenemy - Nicol Bolas
Arena League 1996,Arena 1996
Arena League 1999,Arena 1999
Arena League 2000,Arena 2000
Arena League 2001,Arena 2001
Arena League 2002,Arena 2002
Arena League 2003,Arena 2003
Arena League 2004,Arena 2004
Arena League 2005,Arena 2005
Arena League 2006,Arena 2006
Arena New Player Experience,Arena New Player Experience
Arena New Player Experience Extras,Arena New Player Experience Extras
Asia Pacific Land Program,Asia Pacific Land Program
Astral Cards,Astral Cards
Avacyn Restored,Avacyn Restored
Avacyn Restored Promos,Prerelease Foil - AVR
Battle for Zendikar,Battle for Zendikar
Battle for Zendikar Promos,Prerelease Foil - BFZ
Battle Royale Box Set,Battle Royale
Battle the Horde,Battle the Horde
Battlebond,Battlebond
Battlebond Promos,Prerelease Foil - BBD
Beatdown Box Set,Beatdown
Betrayers of Kamigawa,Betrayers of Kamigawa
BFZ Standard Series,BFZ Standard Series
Born of the Gods,Born of the Gods
Born of the Gods Hero's Path,Born of the Gods Hero's Path
Born of the Gods Promos,Prerelease Foil - BOG
Celebration Cards,Celebration Cards
Champions of Kamigawa,Champions of Kamigawa
Champs and States,Champs and States
Chronicles,Chronicles
Classic Sixth Edition,6th Edition
Coldsnap,Coldsnap
Coldsnap Theme Decks,Coldsnap Theme Decks
Collectors’ Edition,Collectors Ed
Commander 2011,Commander
Commander 2011 Launch Party,Commander 2011 Launch Party
Commander 2011 Oversized,Commander 2011 Oversized
Commander 2013,Commander 2013
Commander 2013 Oversized,Commander 2013 Oversized
Commander 2014,Commander 2014
Commander 2014 Oversized,Commander 2014 Oversized
Commander 2015,Commander 2015
Commander 2015 Oversized,Commander 2015 Oversized
Commander 2016,Commander 2016
Commander 2016 Oversized,Commander 2016 Oversized
Commander 2017,Commander 2017
Commander 2017 Oversized,Commander 2017 Oversized
Commander 2018,Commander 2018
Commander 2018 Oversized,Commander 2018 Oversized
Commander 2019,Commander 2019
Commander 2019 Oversized,Commander 2019 Oversized
Commander 2020,Commander 2020
Commander Anthology,Commander Anthology
Commander Anthology Volume II,Commander Anthology Vol. II
Commander's Arsenal,Commander's Arsenal
Commander's Arsenal Oversized,Commander's Arsenal Oversized
Conflux,Conflux
Conspiracy,Conspiracy
Conspiracy: Take the Crown,Conspiracy - Take the Crown
Core Set 2019,Core Set 2019
Core Set 2019 Promos,Prerelease Foil - M19
Core Set 2020,Core Set 2020
Core Set 2020 Promos,Prerelease Foil - M20
Core Set 2021,Core Set 2021
Dark Ascension,Dark Ascension
Dark Ascension Promos,Prerelease Foil - DKA
Darksteel,Darksteel
DCI Legend Membership,DCI Legend Membership
Deckmasters,Deckmaster
Defeat a God,Defeat a God
Dissension,Dissension
Dominaria,Dominaria
Dominaria Promos,Prerelease Foil - DOM
Double Masters,Double Masters
Dragon Con,Dragon Con
Dragon's Maze,Dragon's Maze
Dragon's Maze Promos,Prerelease Foil - DGM
Dragons of Tarkir,Dragons of Tarkir
Dragons of Tarkir Promos,Prerelease Foil - DTK
Duel Decks Anthology: Divine vs. Demonic,Duel Decks: Divine Vs. Demonic
Duel Decks Anthology: Elves vs. Goblins,Duel Decks: Elves Vs. Goblins
Duel Decks Anthology: Garruk vs. Liliana,Duel Decks: Garruk Vs. Liliana
Duel Decks Anthology: Jace vs. Chandra,Duel Decks: Jace Vs. Chandra
Duel Decks: Ajani vs. Nicol Bolas,Duel Decks: Ajani Vs. Nicol Bolas
Duel Decks: Blessed vs. Cursed,Duel Decks: Blessed Vs. Cursed
Duel Decks: Divine vs. Demonic,Duel Decks: Divine Vs. Demonic
Duel Decks: Elspeth vs. Kiora,Duel Decks: Elspeth Vs. Kiora
Duel Decks: Elspeth vs. Tezzeret,Duel Decks: Elspeth Vs. Tezzeret
Duel Decks: Elves vs. Goblins,Duel Decks: Elves Vs. Goblins
Duel Decks: Elves vs. Inventors,Duel Decks: Elves Vs. Inventors
Duel Decks: Garruk vs. Liliana,Duel Decks: Garruk Vs. Liliana
Duel Decks: Heroes vs. Monsters,Duel Decks: Heroes Vs. Monsters
Duel Decks: Izzet vs. Golgari,Duel Decks: Izzet Vs. Golgari
Duel Decks: Jace vs. Chandra,Duel Decks: Jace Vs. Chandra
Duel Decks: Jace vs. Vraska,Duel Decks: Jace Vs. Vraska
Duel Decks: Knights vs. Dragons,Duel Decks: Knights Vs. Dragons
Duel Decks: Merfolk vs. Goblins,Duel Decks: Merfolk vs. Goblins
Duel Decks: Mind vs. Might,Duel Decks: Mind Vs. Might
Duel Decks: Mirrodin Pure vs. New Phyrexia,Duel Decks: Mirrodin Pure vs. New Phyrexia
Duel Decks: Nissa vs. Ob Nixilis,Duel Decks: Nissa Vs. Ob Nixilis
Duel Decks: Phyrexia vs. the Coalition,Duel Decks: Phyrexia Vs. The Coalition
Duel Decks: Sorin vs. Tibalt,Duel Decks: Sorin Vs. Tibalt
Duel Decks: Speed vs. Cunning,Duel Decks: Speed Vs. Cunning
Duel Decks: Venser vs. Koth,Duel Decks: Venser Vs. Koth
Duel Decks: Zendikar vs. Eldrazi,Duel Decks: Zendikar Vs. Eldrazi
Duels of the Planeswalkers,Duels of the Planeswalkers
Duels of the Planeswalkers 2009 Promos,Duels of the Planeswalkers 2009 Promos
Duels of the Planeswalkers 2010 Promos,Duels of the Planeswalkers 2010 Promos
Duels of the Planeswalkers 2011 Promos,Duels of the Planeswalkers 2011 Promos
Duels of the Planeswalkers 2012 Promos,Duels of the Planeswalkers 2012 Promos
Duels of the Planeswalkers 2013 Promos,Duels of the Planeswalkers 2013 Promos
Duels of the Planeswalkers 2014 Promos,Duels of the Planeswalkers 2014 Promos
Eighth Edition,8th Edition
Eldritch Moon,Eldritch Moon
Eldritch Moon Promos,Prerelease Foil - EMN
Eternal Masters,Eternal Masters
European Land Program,European Land Program
Eventide,Eventide
Exodus,Exodus
Explorers of Ixalan,Explorers of Ixalan
Face the Hydra,Face the Hydra
Fallen Empires,Fallen Empires
Fate Reforged,Fate Reforged
Fate Reforged Clash Pack,Fate Reforged Clash Pack
Fate Reforged Promos,Prerelease Foil - FRF
Fifth Dawn,Fifth Dawn
Fifth Edition,5th Edition
Foreign Black Border,Foreign Black Border
Fourth Edition,4th Edition
Fourth Edition Foreign Black Border,Fourth Edition Foreign Black Border
Friday Night Magic 2000,Friday Night Magic 2000
Friday Night Magic 2001,Friday Night Magic 2001
Friday Night Magic 2002,Friday Night Magic 2002
Friday Night Magic 2003,Friday Night Magic 2003
Friday Night Magic 2004,Friday Night Magic 2004
Friday Night Magic 2005,Friday Night Magic 2005
Friday Night Magic 2006,Friday Night Magic 2006
Friday Night Magic 2007,Friday Night Magic 2007
Friday Night Magic 2008,Friday Night Magic 2008
Friday Night Magic 2009,Friday Night Magic 2009
Friday Night Magic 2010,Friday Night Magic 2010
Friday Night Magic 2011,Friday Night Magic 2011
Friday Night Magic 2012,Friday Night Magic 2012
Friday Night Magic 2013,Friday Night Magic 2013
Friday Night Magic 2014,Friday Night Magic 2014
Friday Night Magic 2015,Friday Night Magic 2015
Friday Night Magic 2016,Friday Night Magic 2016
Friday Night Magic 2017,Friday Night Magic 2017
From the Vault: Angels,From the Vault: Angels
From the Vault: Annihilation,From the Vault: Annihilation
From the Vault: Dragons,From the Vault: Dragons
From the Vault: Exiled,From the Vault: Exiled
From the Vault: Legends,From the Vault: Legends
From the Vault: Lore,From the Vault: Lore
From the Vault: Realms,From the Vault: Realms
From the Vault: Relics,From the Vault: Relics
From the Vault: Transform,From the Vault: Transform
From the Vault: Twenty,From the Vault: Twenty
Future Sight,Future Sight
Game Night,Game Night
Game Night 2019,Game Night 2019
Gatecrash,Gatecrash
Gatecrash Promos,Prerelease Foil - GTC
Gateway 2006,Gateway 2006
Gateway 2007,Gateway 2007
Gateway 2008,Gateway 2008
Global Series Jiang Yanggu & Mu Yanling,Global Series: Jiang Yanggu & Mu Yanling
Grand Prix Promos,Grand Prix Foil
GRN Guild Kit,Guilds of Ravnica: Guild Kits
GRN Ravnica Weekend,GRN Ravnica Weekend
Guildpact,Guildpact
Guilds of Ravnica,Guilds of Ravnica
Guilds of Ravnica Promos,Prerelease Foil - GRN
Guru,Guru Land
Hachette UK,Hachette UK
Happy Holidays,Happy Holidays
HarperPrism Book Promos,HarperPrism Book Promos
HasCon 2017,HasCon 2017
Heroes of the Realm 2018,Heroes of the Realm 2018
Historic Anthology 1,Historic Anthology 1
Historic Anthology 2,Historic Anthology 2
Historic Anthology 3,Historic Anthology 3
Hobby Japan Promos,Hobby Japan Promos
Homelands,Homelands
Hour of Devastation,Hour of Devastation
Hour of Devastation Promos,Prerelease Foil - HOU
Ice Age,Ice Age
Iconic Masters,Iconic Masters
IDW Comics 2012,IDW Comic Promo
IDW Comics 2013,IDW Comic Promo
IDW Comics 2014,IDW Comic Promo
Ikoria: Lair of Behemoths,Ikoria: Lair of Behemoths
Ikoria: Lair of Behemoths Promos,Prerelease Foil - IKO
Innistrad,Innistrad
Innistrad Promos,Prerelease Foil - ISD
Intl. Collectors’ Edition,Collectors Ed Intl
Introductory Two-Player Set,Introductory Two-Player Set
Invasion,Invasion
Ixalan,Ixalan
Ixalan Promos,Prerelease Foil - XLN
Japan Junior Tournament,Japan Junior Tournament
Journey into Nyx,Journey into Nyx
Journey into Nyx Hero's Path,Journey into Nyx Hero's Path
Journey into Nyx Promos,Prerelease Foil - JOU
Judge Gift Cards 1998,Judge Foil (1998)
Judge Gift Cards 1999,Judge Foil (1999)
Judge Gift Cards 2000,Judge Foil (2000)
Judge Gift Cards 2001,Judge Foil (2001)
Judge Gift Cards 2002,Judge Foil (2002)
Judge Gift Cards 2003,Judge Foil (2003)
Judge Gift Cards 2004,Judge Foil (2004)
Judge Gift Cards 2005,Judge Foil (2005)
Judge Gift Cards 2006,Judge Foil (2006)
Judge Gift Cards 2007,Judge Foil (2007)
Judge Gift Cards 2008,Judge Foil (2008)
Judge Gift Cards 2009,Judge Foil (2009)
Judge Gift Cards 2010,Judge Foil (2010)
Judge Gift Cards 2011,Judge Foil (2011)
Judge Gift Cards 2012,Judge Foil (2012)
Judge Gift Cards 2013,Judge Foil (2013)
Judge Gift Cards 2014,Judge Foil (2014)
Judge Gift Cards 2015,Judge Foil (2015)
Judge Gift Cards 2016,Judge Foil (2016)
Judge Gift Cards 2017,Judge Foil (2017)
Judge Gift Cards 2018,Judge Foil (2018)
Judge Gift Cards 2019,Judge Foil (2019)
Judge Gift Cards 2020,Judge Foil (2020)
Judgment,Judgment
Jumpstart,Jumpstart
Jumpstart Front Cards,Jumpstart Front Cards
Junior APAC Series,Junior APAC Series
Junior Series Europe,Junior Series Europe
Junior Super Series,Junior Super Series
Kaladesh,Kaladesh
Kaladesh Inventions,Masterpiece Series: Inventions
Kaladesh Promos,Prerelease Foil - KLD
Khans of Tarkir,Khans of Tarkir
Khans of Tarkir Promos,Prerelease Foil - KTK
Launch Parties,Launch Foil
Legacy Championship,Legacy Championship
Legendary Cube Prize Pack,Legendary Cube Prize Pack
Legends,Legends
Legions,Legions
Limited Edition Alpha,Alpha
Limited Edition Beta,Beta
Lorwyn,Lorwyn
Love Your LGS,Love Your LGS
M15 Prerelease Challenge,M15 Prerelease Challenge
M19 Gift Pack,M19 Gift Pack
M19 Standard Showdown,M19 Standard Showdown
M20 Promo Packs,M20 Promo Packs
Magazine Inserts,Magazine Inserts
Magic 2010,2010 Core Set
Magic 2010 Promos,Prerelease Foil - M10
Magic 2011,2011 Core Set
Magic 2011 Promos,Prerelease Foil - M11
Magic 2012,2012 Core Set
Magic 2012 Promos,Prerelease Foil - M12
Magic 2013,2013 Core Set
Magic 2013 Promos,Prerelease Foil - M13
Magic 2014,2014 Core Set
Magic 2014 Promos,Prerelease Foil - M14
Magic 2015,2015 Core Set
Magic 2015 Clash Pack,Magic 2015 Clash Pack
Magic 2015 Promos,Prerelease Foil - M15
Magic Online Avatars,Magic Online Avatars
Magic Online Promos,Magic Online Promos
Magic Online Theme Decks,Magic Online Theme Decks
Magic Origins,Magic Origins
Magic Origins Clash Pack,Magic Origins Clash Pack
Magic Origins Promos,Prerelease Foil - ORI
Magic Player Rewards 2001,Magic Player Rewards 2001
Magic Player Rewards 2003,Magic Player Rewards 2003
Magic Player Rewards 2004,Magic Player Rewards 2004
Magic Player Rewards 2005,Magic Player Rewards 2005
Magic Player Rewards 2006,Magic Player Rewards 2006
Magic Player Rewards 2007,Magic Player Rewards 2007
Magic Player Rewards 2008,Magic Player Rewards 2008
Magic Player Rewards 2009,Magic Player Rewards 2009
Magic Player Rewards 2010,Magic Player Rewards 2010
Magic Player Rewards 2011,Magic Player Rewards 2011
Magic Premiere Shop 2005,Magic Premiere Shop 2005
Magic Premiere Shop 2006,Magic Premiere Shop 2006
Magic Premiere Shop 2007,Magic Premiere Shop 2007
Magic Premiere Shop 2008,Magic Premiere Shop 2008
Magic Premiere Shop 2009,Magic Premiere Shop 2009
Magic Premiere Shop 2010,Magic Premiere Shop 2010
Magic Premiere Shop 2011,Magic Premiere Shop 2011
MagicFest 2019,MagicFest 2019
MagicFest 2020,MagicFest 2020
Masters 25,Masters 25
Masters Edition,Masters Edition
Masters Edition II,Masters Edition II
Masters Edition III,Masters Edition III
Masters Edition IV,Masters Edition IV
Mercadian Masques,Mercadian Masques
MicroProse Promos,MicroProse Promos
Mirage,Mirage
Mirrodin,Mirrodin
Mirrodin Besieged,Mirrodin Besieged
Mirrodin Besieged Promos,Prerelease Foil - MBS
Miscellaneous Book Promos,Miscellaneous Book Promos
Modern Event Deck 2014,Modern Event Deck
Modern Horizons,Modern Horizons
Modern Horizons Promos,Prerelease Foil - MH1
Modern Masters,Modern Masters
Modern Masters 2015,Modern Masters 2015
Modern Masters 2017,Modern Masters 2017
Morningtide,Morningtide
MTG Arena Promos,MTG Arena Promos
Multiverse Gift Box,Multiverse Gift Box
Mystery Booster,Mystery Booster
Mystery Booster Playtest Cards,Mystery Booster
Mystery Booster Retail Edition Foils,Mystery Booster
Mythic Edition,Masterpiece Series: Mythic Edition
Nationals Promos,Nationals Promos
Nemesis,Nemesis
New Phyrexia,New Phyrexia
New Phyrexia Promos,Prerelease Foil - NPH
Ninth Edition,9th Edition
Oath of the Gatewatch,Oath of the Gatewatch
Oath of the Gatewatch Promos,Prerelease Foil - OAG
Odyssey,Odyssey
Onslaught,Onslaught
Open the Helvault,Open the Helvault
Planar Chaos,Planar Chaos
Planechase,Planechase
Planechase 2012,Planechase 2012
Planechase 2012 Planes,Planechase 2012 Planes
Planechase Anthology,Planechase Anthology
Planechase Anthology Planes,Planechase Anthology Planes
Planechase Planes,Planechase Planes
Planeshift,Planeshift
Ponies: The Galloping,Ponies: The Galloping
Portal,Portal
Portal Demo Game,Portal Demo Game
Portal Second Age,Portal II
Portal Three Kingdoms,Portal 3K
Premium Deck Series: Fire and Lightning,Premium Deck Series: Fire & Lightning
Premium Deck Series: Graveborn,Premium Deck Series: Graveborn
Premium Deck Series: Slivers,Premium Deck Series: Slivers
Prerelease Events,Prerelease Foil
Pro Tour Collector Set,Pro Tour Collector Set
Pro Tour Promos,Pro Tour Promos
Promotional Planes,Promotional Planes
Promotional Schemes,Promotional Schemes
Prophecy,Prophecy
Ravnica Allegiance,Ravnica Allegiance
Ravnica Allegiance Promos,Prerelease Foil - RNA
Ravnica: City of Guilds,Ravnica
Redemption Program,Redemption Program
Release Events,Release Events
Renaissance,Renaissance
Resale Promos,Resale Promos
Return to Ravnica,Return to Ravnica
Return to Ravnica Promos,Prerelease Foil - RTR
Revised Edition,3rd Edition
Rinascimento,Rinascimento
Rise of the Eldrazi,Rise of the Eldrazi
Rise of the Eldrazi Promos,Prerelease Foil - ROE
Rivals of Ixalan,Rivals of Ixalan
Rivals of Ixalan Promos,Prerelease Foil - RIX
Rivals Quick Start Set,Rivals Quick Start Set
RNA Guild Kit,Ravnica Allegiance: Guild Kits
RNA Ravnica Weekend,RNA Ravnica Weekend
Salvat 2005,Salvat 2005
Salvat 2011,Salvat 2011
San Diego Comic-Con 2013,Promotional
San Diego Comic-Con 2014,Promotional
San Diego Comic-Con 2015,Promotional
San Diego Comic-Con 2016,Promotional
San Diego Comic-Con 2017,Promotional
San Diego Comic-Con 2018,Promotional
San Diego Comic-Con 2019,Promotional
Saviors of Kamigawa,Saviors of Kamigawa
Scars of Mirrodin,Scars of Mirrodin
Scars of Mirrodin Promos,Prerelease Foil - SOM
Scourge,Scourge
Secret Lair Drop,Secret Lair
Secret Lair Drop Promos,Secret Lair
Secret Lair: Ultimate Edition,Secret Lair
Sega Dreamcast Cards,Sega Dreamcast Cards
Seventh Edition,7th Edition
Shadowmoor,Shadowmoor
Shadows over Innistrad,Shadows Over Innistrad
Shadows over Innistrad Promos,Prerelease Foil - SOI
Shards of Alara,Shards of Alara
Signature Spellbook: Chandra,Signature Spellbook: Chandra
Signature Spellbook: Gideon,Signature Spellbook: Gideon
Signature Spellbook: Jace,Signature Spellbook: Jace
Starter 1999,Starter 1999
Starter 2000,Starter 2000
Stronghold,Stronghold
Summer Magic / Edgar,Summer Magic / Edgar
Summer of Magic,Summer of Magic
Tarkir Dragonfury,Tarkir Dragonfury
Tempest,Tempest
Tempest Remastered,Tempest Remastered
Tenth Edition,10th Edition
Tenth Edition Promos,Tenth Edition Promos
The Dark,The Dark
Theros,Theros
Theros Beyond Death,Theros Beyond Death
Theros Beyond Death Promos,Prerelease Foil - TBD
Theros Hero's Path,Theros Hero's Path
Theros Promos,Prerelease Foil - THS
Throne of Eldraine,Throne of Eldraine
Throne of Eldraine Promos,Prerelease Foil - ELD
Time Spiral,Time Spiral
Time Spiral Timeshifted,Timeshifted
Torment,Torment
Treasure Chest,Treasure Chest
Two-Headed Giant Tournament,Two-Headed Giant Tournament
Ugin's Fate,Ugin's Fate
Ultimate Box Topper,Ultimate Box Topper
Ultimate Masters,Ultimate Masters
Unglued,Unglued
Unhinged,Unhinged
Unlimited Edition,Unlimited
Unsanctioned,Unsanctioned
Unstable,Unstable
Unstable Promos,Prerelease Foil - UST
URL/Convention Promos,URL/Convention Promos
Urza's Destiny,Urza's Destiny
Urza's Legacy,Urza's Legacy
Urza's Saga,Urza's Saga
Vanguard Series,Vanguard
Vintage Championship,Vintage Championship
Vintage Masters,Vintage Masters
Visions,Visions
War of the Spark,War of the Spark
War of the Spark Promos,Prerelease Foil - WAR
Weatherlight,Weatherlight
Welcome Deck 2016,Welcome Deck 2016
Welcome Deck 2017,Welcome Deck 2017
Wizards of the Coast Online Store,Wizards of the Coast Online Store
Wizards Play Network 2008,Wizards Play Network 2008
Wizards Play Network 2009,Wizards Play Network 2009
Wizards Play Network 2010,Wizards Play Network 2010
Wizards Play Network 2011,Wizards Play Network 2011
Wizards Play Network 2012,Wizards Play Network 2012
World Championship Decks 1997,World Championships
World Championship Decks 1998,World Championships
World Championship Decks 1999,World Championships
World Championship Decks 2000,World Championships
World Championship Decks 2001,World Championships
World Championship Decks 2002,World Championships
World Championship Decks 2003,World Championships
World Championship Decks 2004,World Championships
World Championship Promos,World Championship Promos
World Magic Cup Qualifiers,World Magic Cup Qualifiers
Worldwake,Worldwake
Worldwake Promos,Prerelease Foil - WWK
XLN Standard Showdown,XLN Standard Showdown
XLN Treasure Chest,XLN Treasure Chest
Zendikar,Zendikar
Zendikar Expeditions,Masterpiece Series: Expeditions
Zendikar Promos,Prerelease Foil - ZEN
Commander Legends,Commander Legends
Commander Collection: Green,Commander Collection: Green
Zendikar Rising,Zendikar Rising
